0 296
0 254
0 207
1 384
1 193
1 295
2 51
2 198
2 57
2 302
3 65
3 194
3 99
3 355
3 228
3 132
3 165
3 327
3 232
3 8
3 264
3 240
3 341
3 181
3 309
3 152
3 122
3 283
3 158
4 64
4 99
4 228
4 38
4 167
4 233
4 362
4 235
4 333
4 309
4 341
4 182
4 185
4 25
4 254
4 31
5 258
5 132
5 260
5 261
5 6
5 11
5 12
5 279
5 280
5 152
5 25
5 154
5 286
5 288
5 160
5 39
5 296
5 172
5 45
5 49
5 54
5 186
5 314
5 59
5 191
5 194
5 326
5 73
5 203
5 333
5 78
5 337
5 84
5 217
5 346
5 220
5 350
5 99
5 228
5 358
5 104
5 362
5 240
5 241
5 113
5 371
5 245
5 247
5 124
5 380
6 256
6 129
6 260
6 5
6 261
6 69
6 134
6 326
6 136
6 73
6 203
6 267
6 76
6 141
6 81
6 148
6 85
6 343
6 25
6 217
6 346
6 154
6 282
6 91
6 288
6 160
6 225
6 353
6 35
6 36
6 358
6 39
6 41
6 362
6 364
6 45
6 177
6 241
6 242
6 245
6 247
6 56
6 250
6 186
6 59
6 125
6 318
7 64
7 322
7 265
7 139
7 204
7 78
7 208
7 336
7 277
7 87
7 23
7 220
7 284
7 29
7 349
7 97
7 226
7 355
7 291
7 99
7 228
7 38
7 167
7 40
7 105
7 235
7 300
7 49
7 113
7 372
7 315
8 64
8 3
8 195
8 259
8 132
8 261
8 198
8 267
8 75
8 204
8 78
8 16
8 208
8 277
8 280
8 344
8 89
8 25
8 220
8 349
8 286
8 97
8 291
8 99
8 293
8 166
8 167
8 295
8 231
8 235
8 302
8 174
8 306
8 307
8 115
8 181
8 245
8 118
8 120
8 185
8 378
8 380
8 63
9 256
9 384
9 354
9 260
9 135
9 295
9 41
9 206
9 176
9 248
9 218
9 27
9 189
9 381
9 383
10 132
10 69
10 264
10 334
10 206
10 272
10 209
10 338
10 339
10 220
10 158
10 159
10 352
10 161
10 355
10 291
10 100
10 165
10 229
10 102
10 232
10 41
10 297
10 107
10 243
10 309
10 182
10 184
10 122
10 125
10 61
11 193
11 322
11 355
11 5
11 37
11 39
11 234
11 45
11 241
11 17
11 49
11 56
11 313
11 346
11 314
11 59
11 30
12 258
12 5
12 269
12 17
12 148
12 152
12 280
12 29
12 34
12 163
12 35
12 36
12 37
12 39
12 299
12 300
12 172
12 45
12 176
12 49
12 54
12 311
12 56
12 59
12 187
12 61
12 191
12 192
12 64
12 320
12 331
12 76
12 332
12 78
12 210
12 343
12 217
12 218
12 92
12 350
12 226
12 355
12 230
12 358
12 359
12 104
12 236
12 367
12 371
12 245
12 375
12 376
13 16
13 115
13 260
13 358
13 248
13 41
13 186
13 333
13 253
13 45
13 207
14 384
14 258
14 134
14 263
14 15
14 16
14 274
14 149
14 279
14 280
14 285
14 39
14 168
14 41
14 300
14 302
14 180
14 308
14 183
14 313
14 60
14 191
14 319
14 66
14 68
14 324
14 201
14 329
14 203
14 79
14 210
14 211
14 213
14 85
14 86
14 218
14 349
14 353
14 99
14 102
14 361
14 109
14 113
14 244
14 117
14 118
14 374
14 247
14 376
14 380
14 253
15 192
15 66
15 258
15 325
15 203
15 204
15 14
15 78
15 336
15 210
15 85
15 279
15 87
15 280
15 25
15 282
15 285
15 29
15 286
15 350
15 288
15 97
15 228
15 358
15 40
15 105
15 362
15 306
15 117
15 118
15 247
15 183
15 184
15 376
15 253
15 191
16 385
16 260
16 324
16 8
16 203
16 204
16 141
16 13
16 333
16 14
16 206
16 79
16 210
16 84
16 280
16 217
16 285
16 286
16 350
16 288
16 36
16 358
16 296
16 168
16 362
16 45
16 48
16 177
16 306
16 308
16 183
16 248
16 376
16 185
16 60
16 253
16 191
17 192
17 193
17 322
17 326
17 73
17 11
17 12
17 148
17 280
17 216
17 282
17 288
17 225
17 35
17 228
17 37
17 104
17 234
17 300
17 46
17 367
17 241
17 49
17 242
17 308
17 244
17 245
17 182
17 375
17 56
17 185
17 187
18 131
18 67
18 164
18 168
18 41
18 363
18 140
18 76
18 334
18 206
18 79
18 47
18 177
18 210
18 211
18 344
18 377
18 380
18 60
18 61
18 221
18 383
19 256
19 33
19 231
19 47
19 335
19 113
19 209
19 20
19 90
19 347
19 252
19 381
19 157
20 256
20 113
20 162
20 19
20 198
20 90
20 157
20 381
20 142
20 47
21 304
21 338
21 308
21 229
21 22
21 107
21 220
21 60
21 381
22 338
22 291
22 21
22 294
22 358
22 201
22 107
22 236
22 220
22 255
23 291
23 228
23 101
23 261
23 7
23 139
23 205
23 371
23 182
23 184
23 248
23 185
23 187
23 283
24 304
24 353
24 258
24 322
24 243
24 244
24 361
24 300
24 60
24 29
24 111
25 321
25 132
25 260
25 4
25 68
25 5
25 325
25 6
25 8
25 329
25 265
25 203
25 141
25 333
25 79
25 15
25 336
25 145
25 210
25 84
25 86
25 279
25 280
25 217
25 154
25 218
25 26
25 286
25 223
25 288
25 358
25 39
25 296
25 169
25 362
25 172
25 45
25 367
25 177
25 308
25 117
25 183
25 60
25 253
25 125
26 321
26 267
26 333
26 341
26 150
26 278
26 25
26 286
26 223
26 288
26 291
26 166
26 358
26 231
26 360
26 169
26 44
26 301
26 46
26 302
26 367
26 113
26 181
26 185
27 384
27 256
27 354
27 84
27 295
27 41
27 9
27 206
27 47
28 336
28 226
28 152
28 380
28 76
28 206
29 258
29 7
29 12
29 78
29 15
29 208
29 337
29 85
29 279
29 24
29 280
29 282
29 91
29 285
29 350
29 160
29 97
29 353
29 291
29 36
29 105
29 362
29 300
29 302
29 111
29 306
29 180
29 53
29 117
29 374
29 375
29 60
29 253
29 62
30 353
30 67
30 164
30 134
30 198
30 41
30 11
30 43
30 140
30 302
30 46
30 206
30 335
30 79
30 113
30 210
30 212
30 183
30 313
30 60
30 61
30 254
30 287
31 256
31 259
31 4
31 262
31 138
31 142
31 207
31 145
31 277
31 89
31 90
31 347
31 221
31 349
31 293
31 38
31 231
31 360
31 113
31 370
31 307
31 118
31 186
31 125
33 256
33 198
33 296
33 47
33 335
33 113
33 19
33 53
33 373
33 60
33 252
33 157
33 381
33 190
34 176
34 64
34 49
34 322
34 355
34 91
34 12
34 271
35 228
35 37
35 134
35 6
35 234
35 12
35 237
35 17
35 177
35 241
35 337
35 313
35 314
35 92
35 383
36 322
36 324
36 261
36 6
36 72
36 201
36 266
36 267
36 12
36 78
36 271
36 16
36 85
36 86
36 279
36 343
36 152
36 280
36 217
36 154
36 29
36 350
36 97
36 163
36 355
36 358
36 296
36 105
36 361
36 362
36 236
36 300
36 302
36 238
36 366
36 111
36 176
36 49
36 308
36 53
36 54
36 56
36 186
36 315
37 193
37 35
37 326
37 358
37 39
37 168
37 73
37 234
37 11
37 12
37 17
37 241
37 83
37 148
37 55
37 56
37 280
37 186
37 314
37 125
37 350
38 64
38 65
38 194
38 322
38 195
38 132
38 4
38 69
38 7
38 327
38 264
38 139
38 204
38 78
38 208
38 336
38 341
38 151
38 152
38 89
38 220
38 286
38 158
38 31
38 352
38 97
38 226
38 355
38 99
38 165
38 293
38 358
38 167
38 40
38 232
38 171
38 45
38 240
38 113
38 372
38 309
38 181
38 122
38 315
38 63
39 384
39 385
39 260
39 5
39 6
39 134
39 136
39 11
39 12
39 76
39 269
39 333
39 14
39 79
39 81
39 211
39 83
39 280
39 344
39 25
39 217
39 218
39 221
39 350
39 286
39 353
39 291
39 37
39 102
39 358
39 359
39 168
39 296
39 41
39 362
39 46
39 177
39 373
39 376
39 313
39 378
39 60
39 61
39 253
39 191
40 291
40 292
40 100
40 261
40 38
40 7
40 265
40 203
40 78
40 15
40 336
40 240
40 307
40 183
40 315
41 256
41 384
41 134
41 6
41 9
41 265
41 138
41 10
41 266
41 267
41 140
41 13
41 14
41 271
41 144
41 18
41 280
41 154
41 27
41 285
41 30
41 287
41 161
41 163
41 166
41 294
41 39
41 295
41 168
41 172
41 45
41 174
41 302
41 47
41 304
41 48
41 177
41 308
41 52
41 53
41 310
41 313
41 186
41 59
41 188
41 189
41 61
41 318
41 67
41 69
41 198
41 199
41 72
41 201
41 76
41 206
41 81
41 210
41 211
41 84
41 215
41 345
41 221
41 223
41 353
41 354
41 108
41 109
41 365
41 113
41 370
41 115
41 373
41 247
41 248
41 377
41 380
41 381
41 254
42 227
43 326
43 168
43 314
43 380
43 61
43 77
43 30
43 334
43 335
44 136
44 139
44 204
44 333
44 143
44 208
44 275
44 26
44 283
44 220
44 101
44 166
44 169
44 298
44 235
44 299
44 107
44 173
44 371
44 182
44 184
44 185
44 187
44 123
44 382
45 256
45 260
45 5
45 6
45 11
45 12
45 13
45 269
45 16
45 147
45 280
45 25
45 286
45 288
45 291
45 165
45 38
45 296
45 41
45 171
45 172
45 46
45 49
45 181
45 309
45 310
45 56
45 313
45 186
45 315
45 321
45 194
45 331
45 84
45 341
45 343
45 216
45 220
45 350
45 223
45 358
45 231
45 367
45 241
45 245
45 247
45 376
45 378
45 253
46 288
46 97
46 194
46 230
46 39
46 363
46 236
46 45
46 333
46 367
46 208
46 17
46 337
46 178
46 56
46 217
46 26
46 218
46 30
47 256
47 384
47 67
47 198
47 142
47 206
47 335
47 144
47 80
47 145
47 18
47 19
47 20
47 212
47 90
47 27
47 221
47 33
47 354
47 295
47 41
47 113
47 369
47 115
47 374
47 379
47 188
47 252
47 60
47 189
47 381
47 318
48 384
48 132
48 324
48 260
48 69
48 327
48 204
48 141
48 271
48 79
48 16
48 336
48 81
48 210
48 84
48 217
48 154
48 91
48 350
48 158
48 352
48 355
48 292
48 358
48 232
48 296
48 41
48 299
48 176
48 177
48 246
48 248
48 313
48 186
48 59
48 126
49 193
49 322
49 5
49 7
49 74
49 11
49 12
49 77
49 269
49 271
49 17
49 274
49 151
49 279
49 152
49 216
49 282
49 284
49 96
49 34
49 355
49 36
49 292
49 294
49 105
49 233
49 299
49 236
49 300
49 237
49 45
49 110
49 111
49 177
49 371
49 245
49 54
49 310
49 56
49 186
49 314
49 315
49 124
50 353
50 206
51 160
51 2
51 198
51 72
51 105
51 266
51 330
51 172
51 300
51 109
51 302
51 117
51 279
51 282
51 253
51 93
51 287
52 384
52 98
52 232
52 169
52 41
52 297
52 139
52 209
52 308
52 214
52 374
52 87
52 247
52 184
52 378
52 58
52 251
52 60
52 252
52 158
53 256
53 33
53 354
53 36
53 68
53 324
53 198
53 358
53 263
53 72
53 41
53 329
53 266
53 238
53 111
53 85
53 86
53 374
53 313
53 29
53 286
53 287
54 322
54 5
54 134
54 135
54 12
54 334
54 210
54 151
54 154
54 91
54 226
54 355
54 36
54 105
54 233
54 236
54 111
54 240
54 49
54 241
54 245
54 56
54 186
54 315
54 61
55 258
55 131
55 324
55 260
55 133
55 134
55 199
55 203
55 204
55 84
55 213
55 344
55 280
55 217
55 282
55 350
55 288
55 292
55 37
55 358
55 168
55 296
55 105
55 364
55 237
55 366
55 367
55 177
55 113
55 243
55 56
55 313
55 59
55 253
55 191
56 193
56 258
56 322
56 261
56 198
56 326
56 6
56 199
56 73
56 202
56 11
56 12
56 333
56 334
56 17
56 148
56 151
56 280
56 217
56 282
56 287
56 160
56 288
56 36
56 37
56 358
56 233
56 234
56 172
56 236
56 45
56 46
56 302
56 49
56 241
56 242
56 371
56 182
56 54
56 55
56 311
56 185
56 313
56 186
56 314
56 61
56 253
57 2
57 258
57 306
58 192
58 227
58 355
58 262
58 72
58 268
58 142
58 270
58 144
58 52
58 308
58 374
58 153
58 186
58 251
58 127
58 255
59 256
59 384
59 132
59 5
59 134
59 6
59 135
59 263
59 11
59 12
59 271
59 145
59 276
59 281
59 154
59 158
59 288
59 292
59 41
59 174
59 176
59 48
59 177
59 55
59 313
59 186
59 61
59 322
59 69
59 327
59 333
59 206
59 78
59 79
59 81
59 343
59 344
59 91
59 221
59 94
59 351
59 355
59 356
59 358
59 232
59 364
59 108
59 365
59 366
59 367
59 113
59 241
59 116
59 373
59 246
59 248
59 125
59 126
60 128
60 256
60 266
60 267
60 142
60 14
60 16
60 144
60 18
60 21
60 279
60 24
60 25
60 29
60 285
60 30
60 288
60 161
60 33
60 39
60 296
60 297
60 299
60 300
60 47
60 177
60 52
60 308
60 309
60 184
60 313
60 188
60 66
60 324
60 198
60 70
60 72
60 201
60 329
60 202
60 206
60 334
60 335
60 85
60 344
60 218
60 90
60 220
60 353
60 229
60 358
60 105
60 365
60 109
60 111
60 113
60 244
60 117
60 374
60 247
60 248
60 251
60 252
60 381
60 253
61 258
61 260
61 133
61 134
61 10
61 140
61 12
61 18
61 281
61 282
61 30
61 161
61 164
61 39
61 168
61 41
61 170
61 43
61 174
61 302
61 54
61 310
61 311
61 56
61 313
61 59
61 318
61 67
61 199
61 202
61 206
61 334
61 335
61 79
61 337
61 211
61 212
61 218
61 221
61 350
61 353
61 102
61 359
61 364
61 365
61 113
61 241
61 370
61 242
61 243
61 244
61 373
61 380
61 125
62 355
62 99
62 132
62 228
62 358
62 232
62 235
62 204
62 269
62 78
62 240
62 341
62 152
62 185
62 186
62 315
62 284
62 29
62 158
62 159
63 259
63 132
63 8
63 139
63 204
63 78
63 208
63 336
63 277
63 150
63 283
63 220
63 349
63 97
63 99
63 101
63 38
63 173
63 113
63 306
63 118
63 185
63 378
63 315
64 4
64 7
64 8
64 203
64 12
64 205
64 206
64 207
64 79
64 341
64 152
64 89
64 220
64 224
64 34
64 99
64 355
64 293
64 38
64 358
64 296
64 170
64 362
64 367
64 240
64 113
64 183
64 254
65 352
65 3
65 355
65 99
65 323
65 38
65 264
65 171
65 235
65 240
65 181
65 341
65 309
65 159
66 258
66 324
66 263
66 72
66 266
66 14
66 15
66 149
66 85
66 282
66 285
66 287
66 351
66 296
66 109
66 302
66 366
66 304
66 306
66 116
66 117
66 248
66 186
66 60
67 256
67 164
67 296
67 41
67 140
67 364
67 47
67 18
67 370
67 212
67 377
67 186
67 61
67 30
68 160
68 258
68 267
68 203
68 14
68 306
68 308
68 116
68 149
68 53
68 117
68 183
68 279
68 247
68 25
68 93
68 285
68 253
68 286
69 321
69 322
69 323
69 132
69 6
69 327
69 265
69 138
69 10
69 141
69 271
69 81
69 341
69 343
69 154
69 91
69 158
69 352
69 355
69 292
69 100
69 165
69 38
69 358
69 232
69 41
69 171
69 366
69 48
69 177
69 309
69 246
69 186
69 59
70 128
70 256
70 145
70 198
70 60
70 142
71 144
71 113
71 97
71 179
71 262
71 153
71 379
71 142
71 127
72 66
72 324
72 198
72 201
72 202
72 266
72 267
72 144
72 339
72 85
72 279
72 282
72 353
72 355
72 36
72 41
72 361
72 109
72 51
72 180
72 308
72 53
72 117
72 374
72 121
72 58
72 251
72 60
72 252
72 253
72 255
73 17
73 193
73 37
73 5
73 261
73 182
73 6
73 56
73 314
73 76
73 350
74 49
74 215
75 99
75 8
75 139
75 204
75 336
75 243
75 307
75 244
75 149
75 213
75 277
75 118
75 283
75 220
76 384
76 261
76 6
76 73
76 12
76 333
76 79
76 81
76 18
76 211
76 28
76 350
76 102
76 39
76 359
76 41
76 177
76 113
76 311
76 247
76 376
76 313
76 380
76 125
76 191
77 49
77 225
77 294
77 186
77 43
78 194
78 195
78 132
78 5
78 261
78 7
78 8
78 139
78 12
78 15
78 208
78 336
78 145
78 341
78 213
78 277
78 151
78 152
78 220
78 284
78 29
78 349
78 222
78 97
78 226
78 355
78 291
78 228
78 36
78 38
78 40
78 105
78 113
78 245
78 309
78 118
78 247
78 185
78 378
78 59
78 315
78 62
78 63
79 385
79 258
79 131
79 134
79 14
79 16
79 145
79 18
79 149
79 280
79 25
79 154
79 285
79 30
79 286
79 39
79 295
79 168
79 296
79 300
79 302
79 48
79 306
79 181
79 183
79 313
79 59
79 315
79 61
79 319
79 64
79 195
79 324
79 325
79 202
79 203
79 76
79 206
79 334
79 337
79 210
79 211
79 213
79 344
79 217
79 89
79 218
79 221
79 350
79 227
79 358
79 359
79 105
79 362
79 365
79 113
79 243
79 115
79 245
79 373
79 247
79 380
79 125
79 253
80 369
80 198
80 188
80 189
80 318
80 47
80 223
81 292
81 69
81 6
81 135
81 263
81 39
81 41
81 203
81 76
81 141
81 333
81 206
81 48
81 177
81 248
81 313
81 59
81 91
82 186
83 384
83 193
83 241
83 37
83 39
83 295
83 367
84 256
84 260
84 5
84 203
84 331
84 333
84 16
84 280
84 25
84 217
84 218
84 282
84 27
84 286
84 223
84 288
84 296
84 41
84 299
84 172
84 45
84 302
84 367
84 48
84 241
84 177
84 374
84 55
84 313
84 189
85 66
85 324
85 6
85 72
85 201
85 329
85 266
85 267
85 205
85 14
85 15
85 279
85 343
85 282
85 285
85 29
85 287
85 160
85 36
85 297
85 304
85 306
85 308
85 53
85 117
85 374
85 186
85 60
85 253
86 289
86 36
86 358
86 102
86 263
86 329
86 266
86 109
86 238
86 14
86 111
86 242
86 371
86 116
86 53
86 117
86 280
86 25
86 313
86 253
87 192
87 261
87 7
87 265
87 139
87 204
87 15
87 277
87 283
87 220
87 349
87 355
87 165
87 229
87 298
87 237
87 113
87 52
87 182
87 246
87 118
87 247
87 184
87 185
87 378
88 167
88 140
89 64
89 257
89 195
89 259
89 323
89 8
89 265
89 204
89 79
89 208
89 145
89 213
89 283
89 349
89 286
89 94
89 31
89 97
89 355
89 229
89 293
89 38
89 358
89 167
89 231
89 296
89 174
89 302
89 307
89 246
89 118
89 185
89 315
89 380
89 319
90 256
90 384
90 355
90 47
90 209
90 113
90 19
90 20
90 252
90 348
90 60
90 157
90 189
90 381
90 318
90 31
91 322
91 132
91 69
91 198
91 6
91 135
91 263
91 327
91 140
91 271
91 207
91 81
91 343
91 154
91 218
91 29
91 158
91 96
91 34
91 164
91 292
91 232
91 108
91 366
91 111
91 48
91 177
91 241
91 246
91 54
91 186
91 59
91 126
92 225
92 322
92 35
92 295
92 202
92 12
92 174
92 176
92 371
92 280
92 186
92 315
92 383
93 68
93 358
93 296
93 361
93 337
93 306
93 51
93 149
93 117
93 374
93 118
93 183
93 279
93 250
93 285
94 113
94 295
94 89
94 59
95 128
95 381
95 190
95 335
96 49
96 322
96 276
96 91
96 142
96 111
97 134
97 7
97 8
97 139
97 15
97 145
97 277
97 153
97 283
97 29
97 291
97 36
97 165
97 293
97 38
97 167
97 297
97 46
97 307
97 309
97 183
97 315
97 63
97 322
97 195
97 71
97 204
97 78
97 208
97 336
97 210
97 341
97 89
97 220
97 349
97 226
97 355
97 99
97 229
97 101
97 358
97 360
97 105
97 235
97 240
97 113
97 118
97 247
97 378
97 127
98 242
98 371
98 52
98 101
98 182
98 199
98 185
98 378
98 204
99 64
99 65
99 257
99 194
99 3
99 195
99 132
99 4
99 5
99 261
99 327
99 7
99 264
99 328
99 8
99 75
99 14
99 336
99 209
99 341
99 152
99 218
99 220
99 159
99 97
99 355
99 228
99 165
99 38
99 167
99 104
99 232
99 105
99 171
99 235
99 240
99 241
99 113
99 181
99 309
99 186
99 122
99 315
99 62
99 63
100 113
100 291
100 101
100 69
100 246
100 40
100 10
100 350
101 261
101 139
101 143
101 275
101 23
101 283
101 220
101 97
101 98
101 291
101 100
101 166
101 169
101 44
101 173
101 237
101 244
101 247
101 184
101 185
101 378
101 187
101 123
101 382
101 63
102 321
102 291
102 134
102 358
102 39
102 10
102 139
102 172
102 76
102 333
102 14
102 367
102 370
102 244
102 86
102 311
102 280
102 313
102 61
102 350
102 254
103 275
103 115
103 292
103 141
104 352
104 258
104 99
104 5
104 261
104 358
104 167
104 12
104 236
104 17
104 177
104 245
104 375
104 378
104 315
105 322
105 134
105 7
105 78
105 79
105 15
105 337
105 149
105 213
105 29
105 97
105 99
105 355
105 227
105 36
105 168
105 233
105 300
105 302
105 111
105 49
105 51
105 117
105 54
105 374
105 55
105 60
105 253
107 264
107 10
107 209
107 338
107 339
107 21
107 22
107 152
107 283
107 220
107 353
107 226
107 291
107 229
107 169
107 297
107 44
107 173
107 240
107 308
107 309
107 315
107 123
107 382
108 384
108 274
108 354
108 310
108 41
108 186
108 59
108 91
108 271
109 66
109 324
109 196
109 263
109 72
109 201
109 266
109 14
109 273
109 340
109 213
109 86
109 282
109 285
109 287
109 351
109 160
109 289
109 41
109 302
109 304
109 51
109 180
109 308
109 116
109 248
109 313
109 60
110 49
111 96
111 226
111 322
111 258
111 36
111 105
111 300
111 366
111 49
111 117
111 53
111 54
111 86
111 279
111 24
111 186
111 154
111 91
111 60
111 220
111 29
113 256
113 258
113 259
113 260
113 5
113 262
113 7
113 14
113 19
113 20
113 276
113 280
113 281
113 26
113 283
113 30
113 31
113 33
113 38
113 295
113 41
113 297
113 302
113 47
113 307
113 309
113 55
113 313
113 59
113 60
113 61
113 63
113 64
113 320
113 321
113 324
113 71
113 331
113 76
113 78
113 79
113 335
113 341
113 87
113 344
113 90
113 347
113 349
113 94
113 350
113 352
113 97
113 353
113 354
113 99
113 355
113 100
113 358
113 360
113 362
113 370
113 118
113 374
113 121
113 378
113 379
113 381
113 128
113 384
113 135
113 142
113 144
113 145
113 153
113 157
113 159
113 166
113 171
113 181
113 182
113 184
113 186
113 188
113 190
113 194
113 198
113 204
113 206
113 208
113 217
113 220
113 221
113 231
113 240
113 241
113 244
113 245
115 384
115 199
115 8
115 267
115 140
115 141
115 333
115 13
115 207
115 271
115 79
115 275
115 212
115 215
115 151
115 154
115 221
115 158
115 291
115 166
115 294
115 103
115 296
115 41
115 47
115 177
115 307
115 116
115 313
115 186
115 317
116 288
116 66
116 258
116 68
116 198
116 263
116 329
116 266
116 268
116 141
116 109
116 302
116 366
116 207
116 304
116 147
116 115
116 117
116 86
116 59
116 287
117 66
117 258
117 68
117 324
117 72
117 266
117 203
117 333
117 205
117 14
117 15
117 85
117 149
117 86
117 279
117 25
117 217
117 282
117 285
117 93
117 29
117 286
117 351
117 160
117 288
117 358
117 296
117 361
117 105
117 300
117 238
117 302
117 111
117 367
117 306
117 51
117 116
117 118
117 183
117 313
117 121
117 60
117 253
118 132
118 325
118 8
118 137
118 265
118 203
118 75
118 204
118 14
118 78
118 15
118 208
118 336
118 145
118 149
118 277
118 279
118 87
118 89
118 220
118 285
118 93
118 349
118 31
118 224
118 97
118 358
118 296
118 362
118 367
118 113
118 370
118 117
118 182
118 183
118 247
118 185
118 122
118 317
118 253
118 63
119 291
119 315
119 220
119 143
120 145
120 307
120 212
120 166
120 246
120 8
120 265
120 315
120 251
121 353
121 113
121 117
121 374
121 72
121 201
122 355
122 3
122 99
122 228
122 38
122 10
122 171
122 181
122 309
122 341
122 118
122 185
122 220
123 101
123 134
123 313
123 169
123 107
123 283
123 44
123 205
123 173
123 382
124 241
124 289
124 49
124 177
124 5
124 262
124 374
124 346
124 142
125 384
125 256
125 260
125 133
125 6
125 136
125 10
125 76
125 334
125 206
125 79
125 271
125 210
125 276
125 343
125 25
125 218
125 221
125 286
125 31
125 288
125 353
125 37
125 296
125 299
125 365
125 174
125 313
125 59
125 61
125 381
125 318
126 132
126 327
126 232
126 141
126 271
126 48
126 276
126 246
126 154
126 186
126 91
126 59
126 158
127 144
127 97
127 262
127 374
127 71
127 153
127 58
127 282
127 188
127 268
128 256
128 162
128 198
128 70
128 142
128 113
128 60
128 381
128 157
128 221
128 190
128 95
129 355
129 341
129 6
129 328
129 380
131 260
131 164
131 168
131 296
131 203
131 364
131 365
131 334
131 79
131 18
131 370
131 210
131 213
131 55
131 250
131 251
131 254
132 194
132 3
132 69
132 5
132 327
132 8
132 10
132 139
132 204
132 78
132 271
132 209
132 341
132 343
132 25
132 154
132 91
132 286
132 158
132 159
132 352
132 99
132 228
132 165
132 358
132 38
132 232
132 366
132 48
132 307
132 181
132 309
132 246
132 118
132 247
132 186
132 59
132 126
132 62
132 63
133 353
133 134
133 199
133 299
133 237
133 271
133 176
133 177
133 274
133 310
133 55
133 188
133 125
133 61
134 320
134 323
134 133
134 6
134 199
134 14
134 79
134 337
134 210
134 211
134 344
134 218
134 350
134 30
134 353
134 97
134 35
134 358
134 102
134 39
134 168
134 296
134 105
134 41
134 177
134 241
134 244
134 180
134 373
134 54
134 247
134 55
134 311
134 313
134 186
134 123
134 59
134 380
134 61
135 294
135 199
135 169
135 9
135 299
135 113
135 81
135 54
135 248
135 218
135 186
135 59
135 91
136 321
136 225
136 292
136 358
136 6
136 199
136 39
136 296
136 362
136 44
136 141
136 237
136 367
136 144
136 241
136 216
136 217
136 315
136 125
136 350
137 118
137 296
138 69
138 247
138 231
138 232
138 248
138 41
138 265
138 186
138 236
138 204
138 31
139 132
139 7
139 203
139 75
139 204
139 205
139 78
139 208
139 87
139 23
139 280
139 220
139 349
139 352
139 97
139 355
139 228
139 229
139 101
139 38
139 102
139 358
139 298
139 172
139 44
139 307
139 52
139 309
139 182
139 184
139 185
139 378
139 187
139 382
139 63
140 353
140 161
140 67
140 164
140 41
140 202
140 364
140 174
140 18
140 115
140 212
140 310
140 88
140 313
140 91
140 61
140 221
140 30
141 69
141 6
141 263
141 327
141 136
141 267
141 271
141 207
141 16
141 273
141 81
141 210
141 25
141 217
141 153
141 154
141 286
141 288
141 166
141 358
141 103
141 296
141 362
141 172
141 364
141 366
141 48
141 177
141 115
141 307
141 116
141 313
141 186
141 317
141 253
141 126
141 191
142 256
142 128
142 384
142 262
142 198
142 70
142 71
142 268
142 270
142 144
142 20
142 153
142 221
142 31
142 287
142 96
142 162
142 360
142 47
142 113
142 179
142 374
142 186
142 58
142 379
142 188
142 60
142 124
142 381
142 189
142 318
142 383
143 352
143 291
143 355
143 101
143 44
143 237
143 176
143 272
143 240
143 209
143 371
143 309
143 119
143 187
143 382
143 159
144 256
144 384
144 71
144 136
144 72
144 41
144 237
144 142
144 47
144 272
144 113
144 274
144 180
144 58
144 251
144 188
144 60
144 189
144 127
144 159
144 255
145 198
145 70
145 265
145 266
145 204
145 78
145 79
145 208
145 336
145 277
145 25
145 89
145 220
145 349
145 222
145 31
145 223
145 97
145 165
145 293
145 358
145 167
145 360
145 169
145 235
145 47
145 113
145 181
145 118
145 247
145 120
145 185
145 315
145 251
145 59
145 380
146 358
146 295
146 313
146 202
146 269
147 288
147 198
147 263
147 330
147 45
147 302
147 366
147 367
147 304
147 340
147 116
147 280
147 282
147 186
147 287
148 288
148 193
148 17
148 242
148 228
148 37
148 6
148 326
148 56
148 234
148 12
149 66
149 258
149 68
149 324
149 168
149 105
149 75
149 300
149 14
149 302
149 79
149 117
149 118
149 183
149 282
149 380
149 253
149 93
149 285
150 26
150 204
150 63
151 322
151 38
151 168
151 78
151 176
151 240
151 49
151 210
151 115
151 54
151 56
151 378
151 315
151 284
152 64
152 194
152 3
152 5
152 327
152 12
152 269
152 78
152 341
152 218
152 220
152 28
152 158
152 159
152 226
152 99
152 355
152 291
152 228
152 36
152 165
152 38
152 232
152 233
152 107
152 240
152 49
152 309
152 181
152 315
152 62
153 192
153 256
153 97
153 353
153 290
153 262
153 71
153 268
153 141
153 142
153 270
153 207
153 113
153 179
153 308
153 374
153 342
153 58
153 282
153 379
153 188
153 127
154 322
154 132
154 5
154 69
154 6
154 263
154 327
154 141
154 270
154 271
154 79
154 207
154 273
154 341
154 343
154 25
154 217
154 91
154 158
154 286
154 356
154 36
154 292
154 165
154 358
154 294
154 232
154 41
154 237
154 366
154 111
154 48
154 176
154 177
154 115
154 181
154 246
154 54
154 310
154 313
154 186
154 59
154 126
156 342
157 128
157 113
157 33
157 19
157 20
157 90
158 194
158 3
158 132
158 69
158 327
158 199
158 328
158 265
158 10
158 271
158 341
158 152
158 154
158 91
158 159
158 355
158 228
158 165
158 38
158 232
158 366
158 48
158 240
158 177
158 115
158 52
158 245
158 181
158 246
158 186
158 59
158 126
158 62
159 65
159 194
159 132
159 199
159 327
159 264
159 10
159 143
159 144
159 272
159 209
159 341
159 152
159 220
159 158
159 352
159 291
159 99
159 165
159 232
159 297
159 299
159 237
159 176
159 240
159 113
159 178
159 180
159 309
159 181
159 317
159 62
160 194
160 258
160 68
160 5
160 261
160 6
160 198
160 266
160 340
160 85
160 346
160 282
160 29
160 287
160 292
160 109
160 302
160 366
160 304
160 241
160 51
160 308
160 117
160 310
160 56
160 253
161 256
161 353
161 321
161 41
161 169
161 10
161 203
161 140
161 214
161 248
161 186
161 251
161 60
161 348
161 61
162 128
162 256
162 20
162 198
162 381
162 142
162 190
163 176
163 36
163 294
163 199
163 41
163 12
163 271
164 353
164 131
164 67
164 140
164 364
164 174
164 18
164 210
164 344
164 91
164 61
164 221
164 30
165 3
165 132
165 69
165 327
165 264
165 10
165 145
165 87
165 152
165 280
165 154
165 158
165 159
165 352
165 288
165 97
165 99
165 358
165 38
165 232
165 296
165 360
165 298
165 45
165 240
165 309
165 181
165 184
166 321
166 198
166 8
166 267
166 141
166 207
166 271
166 275
166 278
166 214
166 26
166 223
166 291
166 292
166 101
166 41
166 44
166 113
166 115
166 307
166 246
166 120
166 186
166 317
167 257
167 4
167 7
167 8
167 265
167 204
167 336
167 145
167 277
167 88
167 89
167 283
167 220
167 284
167 352
167 97
167 99
167 355
167 291
167 293
167 38
167 358
167 231
167 296
167 104
167 362
167 235
167 240
167 241
167 307
167 182
167 246
167 247
167 183
167 380
167 191
168 385
168 131
168 260
168 134
168 203
168 14
168 206
168 79
168 16
168 18
168 210
168 211
168 149
168 213
168 151
168 280
168 218
168 221
168 288
168 37
168 39
168 105
168 41
168 43
168 300
168 241
168 370
168 374
168 247
168 55
168 377
168 313
168 186
168 380
168 253
168 61
168 319
168 191
169 135
169 263
169 264
169 265
169 203
169 333
169 145
169 273
169 25
169 26
169 283
169 351
169 223
169 224
169 161
169 353
169 101
169 296
169 360
169 298
169 107
169 236
169 44
169 364
169 173
169 365
169 367
169 307
169 52
169 372
169 182
169 246
169 247
169 184
169 248
169 249
169 187
169 123
169 380
170 320
170 64
170 326
170 61
170 334
171 65
171 323
171 99
171 228
171 69
171 38
171 327
171 204
171 45
171 367
171 113
171 341
171 181
171 122
172 256
172 258
172 260
172 5
172 326
172 203
172 139
172 12
172 141
172 205
172 333
172 84
172 279
172 280
172 25
172 217
172 286
172 288
172 358
172 102
172 295
172 296
172 41
172 298
172 45
172 367
172 241
172 178
172 51
172 244
172 311
172 56
172 313
172 186
172 253
173 291
173 101
173 169
173 107
173 299
173 44
173 182
173 184
173 283
173 187
173 123
173 220
173 382
173 63
174 164
174 294
174 295
174 8
174 41
174 140
174 365
174 206
174 276
174 310
174 89
174 59
174 92
174 125
174 61
176 256
176 258
176 324
176 133
176 199
176 9
176 12
176 333
176 143
176 271
176 151
176 343
176 216
176 154
176 283
176 92
176 159
176 34
176 163
176 36
176 292
176 294
176 358
176 296
176 299
176 236
176 237
176 48
176 310
176 186
176 59
177 133
177 261
177 6
177 134
177 263
177 265
177 267
177 141
177 271
177 16
177 18
177 274
177 280
177 25
177 154
177 158
177 35
177 292
177 294
177 39
177 295
177 41
177 299
177 48
177 49
177 310
177 55
177 313
177 186
177 59
177 60
177 69
177 199
177 327
177 331
177 76
177 333
177 81
177 84
177 217
177 91
177 358
177 104
177 232
177 365
177 366
177 367
177 115
177 246
177 247
177 248
177 124
178 288
178 180
178 280
178 376
178 234
178 331
178 172
178 350
178 46
178 159
179 306
179 342
179 71
179 153
179 270
179 142
180 134
180 72
180 299
180 109
180 237
180 14
180 302
180 144
180 304
180 178
180 29
180 253
180 159
181 65
181 3
181 323
181 132
181 327
181 8
181 204
181 333
181 79
181 207
181 336
181 145
181 341
181 152
181 154
181 26
181 220
181 349
181 286
181 158
181 159
181 351
181 226
181 99
181 228
181 165
181 358
181 38
181 231
181 232
181 171
181 45
181 302
181 367
181 240
181 113
181 309
181 247
181 122
181 378
181 380
182 4
182 73
182 10
182 139
182 204
182 17
182 210
182 23
182 87
182 283
182 349
182 98
182 291
182 228
182 167
182 169
182 235
182 44
182 173
182 113
182 242
182 307
182 118
182 56
182 184
182 185
182 378
182 187
182 317
183 385
183 258
183 259
183 260
183 265
183 14
183 15
183 16
183 149
183 279
183 25
183 285
183 286
183 30
183 292
183 167
183 296
183 40
183 306
183 307
183 310
183 313
183 186
183 64
183 321
183 195
183 68
183 325
183 198
183 203
183 204
183 79
183 336
183 210
183 211
183 217
183 218
183 93
183 350
183 97
183 358
183 364
183 372
183 244
183 117
183 118
183 374
183 248
183 376
183 253
184 192
184 261
184 265
184 10
184 139
184 15
184 336
184 338
184 275
184 339
184 277
184 23
184 87
184 220
184 165
184 101
184 169
184 297
184 298
184 44
184 173
184 113
184 307
184 52
184 182
184 246
184 247
184 251
184 60
184 380
184 382
185 4
185 261
185 8
185 139
185 204
185 78
185 336
185 16
185 145
185 17
185 275
185 23
185 87
185 89
185 26
185 283
185 220
185 349
185 98
185 226
185 291
185 228
185 101
185 235
185 44
185 306
185 371
185 307
185 182
185 118
185 247
185 56
185 378
185 122
185 187
185 380
185 317
185 62
185 63
186 256
186 5
186 6
186 263
186 265
186 267
186 268
186 13
186 270
186 271
186 273
186 274
186 279
186 282
186 285
186 286
186 31
186 287
186 288
186 36
186 292
186 37
186 295
186 41
186 298
186 299
186 45
186 302
186 48
186 304
186 49
186 310
186 54
186 56
186 313
186 58
186 59
186 62
186 318
186 66
186 67
186 324
186 69
186 327
186 77
186 333
186 82
186 341
186 85
186 343
186 346
186 91
186 92
186 351
186 353
186 354
186 99
186 356
186 358
186 108
186 366
186 111
186 367
186 113
186 115
186 126
186 383
186 132
186 134
186 135
186 138
186 141
186 142
186 147
186 154
186 158
186 161
186 166
186 168
186 172
186 176
186 177
186 183
186 194
186 197
186 198
186 199
186 202
186 206
186 207
186 215
186 216
186 217
186 228
186 232
186 237
186 246
186 248
186 250
186 251
186 254
187 101
187 169
187 297
187 139
187 12
187 44
187 173
187 143
187 17
187 242
187 371
187 307
187 182
187 23
187 185
187 382
188 256
188 133
188 198
188 41
188 142
188 47
188 144
188 80
188 113
188 374
188 153
188 379
188 60
188 189
188 318
188 127
189 384
189 256
189 197
189 358
189 199
189 9
189 41
189 297
189 142
189 206
189 47
189 144
189 80
189 369
189 84
189 310
189 90
189 188
189 381
189 318
190 256
190 128
190 33
190 113
190 162
190 198
190 381
190 95
191 320
191 258
191 5
191 12
191 204
191 76
191 141
191 14
191 15
191 16
191 337
191 210
191 211
191 280
191 217
191 218
191 220
191 285
191 350
191 358
191 167
191 39
191 359
191 168
191 296
191 362
191 367
191 306
191 242
191 374
191 55
191 376
191 313
191 253
192 258
192 200
192 12
192 270
192 15
192 17
192 306
192 342
192 87
192 279
192 184
192 153
192 58
193 384
193 1
193 225
193 322
193 37
193 326
193 73
193 234
193 11
193 237
193 304
193 17
193 49
193 242
193 83
193 148
193 56
194 3
194 132
194 5
194 327
194 264
194 78
194 272
194 336
194 209
194 341
194 152
194 280
194 220
194 158
194 159
194 160
194 352
194 355
194 99
194 228
194 38
194 358
194 45
194 46
194 240
194 113
194 309
194 248
194 186
194 315
194 380
195 97
195 226
195 259
195 355
195 99
195 291
195 38
195 8
195 235
195 300
195 204
195 78
195 79
195 336
195 240
195 183
195 89
195 315
195 284
195 220
195 222
196 304
196 282
196 109
196 302
196 366
196 351
197 295
197 248
197 186
197 189
197 237
197 383
198 128
198 256
198 384
198 2
198 263
198 8
198 266
198 142
198 145
198 147
198 20
198 282
198 284
198 30
198 287
198 160
198 33
198 162
198 166
198 296
198 41
198 302
198 47
198 303
198 304
198 306
198 51
198 308
198 53
198 183
198 56
198 313
198 186
198 188
198 60
198 190
198 324
198 70
198 200
198 72
198 330
198 335
198 207
198 80
198 218
198 91
198 221
198 351
198 232
198 367
198 113
198 369
198 243
198 116
198 374
198 380
198 252
198 381
199 323
199 260
199 133
199 325
199 134
199 135
199 136
199 271
199 272
199 274
199 343
199 216
199 218
199 283
199 158
199 159
199 351
199 98
199 163
199 294
199 232
199 296
199 41
199 298
199 299
199 236
199 237
199 176
199 177
199 241
199 242
199 115
199 244
199 310
199 55
199 248
199 56
199 313
199 186
199 189
199 253
199 61
199 381
200 192
200 198
200 297
200 251
201 353
201 36
201 72
201 41
201 266
201 109
201 14
201 308
201 85
201 22
201 374
201 121
201 251
201 220
201 60
201 252
201 255
202 72
202 140
202 365
202 303
202 207
202 79
202 369
202 146
202 276
202 56
202 313
202 186
202 92
202 60
202 61
202 383
203 258
203 131
203 260
203 5
203 261
203 6
203 139
203 14
203 15
203 16
203 279
203 280
203 25
203 285
203 286
203 161
203 168
203 296
203 40
203 169
203 172
203 306
203 307
203 308
203 183
203 55
203 64
203 321
203 68
203 325
203 204
203 333
203 79
203 336
203 81
203 84
203 213
203 217
203 218
203 348
203 350
203 358
203 362
203 367
203 372
203 244
203 117
203 118
203 374
203 247
203 376
203 380
203 253
204 132
204 261
204 7
204 8
204 265
204 138
204 139
204 15
204 16
204 145
204 277
204 150
204 283
204 291
204 293
204 38
204 167
204 171
204 44
204 48
204 307
204 181
204 309
204 182
204 183
204 55
204 185
204 62
204 191
204 63
204 323
204 195
204 325
204 327
204 203
204 75
204 208
204 336
204 210
204 87
204 89
204 220
204 349
204 97
204 98
204 355
204 228
204 358
204 113
204 118
204 246
204 247
204 378
204 251
204 380
204 253
205 64
205 371
205 85
205 117
205 23
205 280
205 298
205 139
205 123
205 172
206 384
206 256
206 64
206 9
206 10
206 335
206 79
206 207
206 16
206 81
206 18
206 210
206 27
206 28
206 221
206 30
206 350
206 168
206 296
206 41
206 236
206 174
206 47
206 113
206 50
206 370
206 311
206 313
206 186
206 59
206 60
206 125
206 61
206 189
207 64
207 0
207 322
207 198
207 328
207 202
207 267
207 141
207 13
207 333
207 334
207 206
207 274
207 153
207 154
207 91
207 221
207 31
207 292
207 166
207 296
207 364
207 115
207 116
207 181
207 186
208 97
208 38
208 7
208 8
208 139
208 204
208 44
208 46
208 78
208 145
208 113
208 277
208 341
208 118
208 89
208 220
208 29
208 349
208 63
209 224
209 352
209 194
209 291
209 99
209 355
209 132
209 229
209 297
209 10
209 107
209 237
209 143
209 338
209 19
209 339
209 52
209 309
209 90
209 220
209 252
209 159
210 131
210 260
210 134
210 265
210 12
210 141
210 14
210 15
210 16
210 18
210 151
210 280
210 25
210 285
210 30
210 286
210 288
210 291
210 164
210 168
210 41
210 300
210 48
210 309
210 182
210 54
210 183
210 311
210 315
210 191
210 319
210 204
210 206
210 79
210 337
210 211
210 213
210 344
210 217
210 218
210 97
210 353
210 358
210 370
210 374
210 376
210 380
210 125
210 253
211 134
211 358
211 39
211 168
211 41
211 76
211 14
211 334
211 79
211 337
211 18
211 210
211 213
211 183
211 313
211 218
211 253
211 61
211 350
211 319
211 191
212 384
212 353
212 67
212 295
212 264
212 140
212 47
212 115
212 120
212 61
212 381
212 30
213 131
213 203
213 75
213 333
213 14
213 78
213 79
213 337
213 210
213 211
213 344
213 89
213 218
213 220
213 168
213 296
213 105
213 364
213 109
213 365
213 370
213 243
213 244
213 55
213 313
213 380
213 253
213 254
213 319
214 161
214 52
214 166
214 297
215 256
215 115
215 292
215 41
215 186
215 74
216 260
216 292
216 199
216 136
216 299
216 45
216 237
216 271
216 176
216 17
216 49
216 274
216 186
217 258
217 260
217 5
217 6
217 136
217 12
217 141
217 16
217 279
217 280
217 25
217 154
217 286
217 288
217 36
217 292
217 39
217 296
217 172
217 46
217 48
217 177
217 183
217 311
217 55
217 56
217 313
217 186
217 315
217 191
217 321
217 203
217 333
217 79
217 337
217 210
217 84
217 343
217 218
217 358
217 362
217 367
217 113
217 244
217 117
217 245
217 247
217 376
217 253
218 323
218 260
218 324
218 134
218 198
218 135
218 199
218 9
218 203
218 12
218 333
218 14
218 79
218 274
218 210
218 211
218 84
218 213
218 343
218 344
218 280
218 152
218 25
218 217
218 91
218 353
218 99
218 39
218 168
218 296
218 361
218 299
218 364
218 46
218 367
218 306
218 244
218 374
218 310
218 183
218 311
218 313
218 60
218 125
218 61
218 254
218 191
219 350
220 5
220 261
220 7
220 8
220 10
220 139
220 145
220 275
220 21
220 277
220 22
220 152
220 280
220 283
220 159
220 291
220 38
220 167
220 297
220 44
220 173
220 45
220 307
220 181
220 309
220 184
220 185
220 315
220 60
220 317
220 191
220 63
220 64
220 194
220 195
220 201
220 75
220 204
220 78
220 208
220 336
220 209
220 338
220 339
220 213
220 87
220 349
220 350
220 97
220 226
220 355
220 99
220 229
220 101
220 107
220 235
220 111
220 240
220 113
220 118
220 119
220 247
220 376
220 378
220 122
221 128
221 256
221 198
221 140
221 206
221 142
221 207
221 335
221 271
221 79
221 18
221 281
221 350
221 31
221 353
221 164
221 39
221 296
221 168
221 41
221 365
221 47
221 113
221 369
221 370
221 115
221 373
221 313
221 59
221 125
221 61
222 145
222 322
222 195
222 315
222 284
222 78
223 321
223 166
223 360
223 169
223 41
223 45
223 302
223 80
223 145
223 84
223 278
223 25
223 249
223 26
223 286
224 64
224 321
224 296
224 169
224 297
224 330
224 236
224 364
224 302
224 209
224 307
224 118
224 282
224 287
225 193
225 6
225 230
225 294
225 136
225 234
225 237
225 77
225 17
225 274
225 371
225 92
226 322
226 195
226 259
226 7
226 12
226 78
226 336
226 341
226 152
226 28
226 220
226 284
226 349
226 97
226 355
226 291
226 38
226 358
226 107
226 111
226 240
226 181
226 54
226 185
226 378
226 315
227 374
227 105
227 58
227 42
227 300
227 270
227 79
228 194
228 3
228 132
228 4
228 5
228 261
228 7
228 327
228 264
228 139
228 204
228 78
228 15
228 17
228 148
228 23
228 152
228 282
228 158
228 288
228 35
228 99
228 355
228 232
228 171
228 240
228 181
228 309
228 245
228 182
228 185
228 186
228 378
228 122
228 62
229 97
229 323
229 291
229 261
229 360
229 297
229 10
229 107
229 235
229 139
229 240
229 209
229 338
229 308
229 21
229 309
229 87
229 89
229 60
229 220
230 272
230 225
230 299
230 12
230 237
230 46
231 321
231 293
231 167
231 8
231 265
231 138
231 45
231 367
231 336
231 113
231 307
231 19
231 181
231 246
231 247
231 280
231 89
231 26
231 349
231 31
232 3
232 132
232 69
232 198
232 199
232 327
232 265
232 138
232 10
232 271
232 341
232 152
232 154
232 91
232 349
232 158
232 159
232 352
232 99
232 355
232 228
232 165
232 38
232 366
232 48
232 240
232 177
232 52
232 181
232 245
232 309
232 246
232 186
232 59
232 126
232 62
233 49
233 322
233 4
233 54
233 56
233 152
233 105
234 225
234 193
234 385
234 35
234 37
234 326
234 11
234 17
234 178
234 148
234 56
234 350
235 65
235 258
235 195
235 4
235 7
235 327
235 8
235 145
235 279
235 283
235 220
235 349
235 97
235 355
235 291
235 99
235 229
235 167
235 362
235 44
235 240
235 182
235 185
235 62
236 224
236 36
236 358
236 199
236 104
236 169
236 138
236 12
236 269
236 206
236 46
236 271
236 176
236 49
236 22
236 54
236 310
236 56
236 248
236 381
237 256
237 193
237 133
237 197
237 199
237 136
237 143
237 271
237 144
237 272
237 209
237 274
237 87
237 216
237 154
237 159
237 225
237 35
237 101
237 230
237 294
237 299
237 176
237 49
237 180
237 55
237 186
237 317
238 36
238 53
238 117
238 86
238 296
238 329
238 313
240 64
240 65
240 194
240 195
240 259
240 3
240 5
240 261
240 327
240 264
240 143
240 341
240 151
240 152
240 220
240 158
240 159
240 352
240 97
240 226
240 355
240 99
240 228
240 229
240 165
240 38
240 167
240 40
240 360
240 232
240 235
240 107
240 113
240 309
240 181
240 54
240 247
240 378
240 315
240 62
241 258
241 5
241 261
241 134
241 6
241 326
241 199
241 136
241 11
241 17
241 83
241 84
241 280
241 346
241 91
241 348
241 160
241 35
241 99
241 37
241 167
241 168
241 172
241 364
241 45
241 367
241 113
241 371
241 245
241 54
241 56
241 314
241 59
241 124
241 61
241 253
242 193
242 98
242 260
242 6
242 199
242 298
242 269
242 367
242 17
242 148
242 182
242 86
242 56
242 280
242 313
242 346
242 314
242 187
242 61
242 350
242 191
243 213
243 198
243 55
243 24
243 10
243 75
243 380
243 332
243 61
243 79
244 323
244 324
244 134
244 199
244 203
244 75
244 333
244 14
244 17
244 213
244 24
244 280
244 217
244 218
244 101
244 102
244 296
244 172
244 367
244 113
244 183
244 247
244 313
244 380
244 60
244 61
245 261
245 5
245 6
245 327
245 8
245 12
245 78
245 79
245 336
245 17
245 279
245 217
245 158
245 288
245 228
245 232
245 296
245 104
245 45
245 367
245 49
245 241
245 113
245 54
245 375
246 321
246 132
246 69
246 261
246 327
246 264
246 265
246 204
246 271
246 275
246 87
246 89
246 154
246 91
246 349
246 158
246 100
246 293
246 166
246 358
246 231
246 167
246 232
246 169
246 297
246 298
246 366
246 48
246 177
246 307
246 247
246 184
246 120
246 313
246 186
246 378
246 59
246 126
247 132
247 260
247 5
247 261
247 6
247 134
247 264
247 265
247 138
247 14
247 15
247 145
247 280
247 283
247 288
247 291
247 293
247 167
247 295
247 168
247 296
247 169
247 41
247 297
247 45
247 177
247 52
247 181
247 309
247 184
247 185
247 313
247 60
247 321
247 68
247 203
247 204
247 76
247 78
247 79
247 341
247 87
247 217
247 220
247 349
247 97
247 355
247 101
247 358
247 231
247 240
247 244
247 372
247 246
247 118
247 374
247 378
247 251
248 384
248 194
248 66
248 323
248 197
248 135
248 199
248 9
248 138
248 13
248 333
248 271
248 16
248 81
248 341
248 23
248 345
248 283
248 350
248 161
248 358
248 294
248 169
248 41
248 297
248 299
248 236
248 109
248 48
248 177
248 310
248 183
248 186
248 251
248 59
248 60
248 254
249 278
249 169
249 223
250 306
250 322
250 131
250 308
250 6
250 186
250 365
250 285
250 93
251 131
251 261
251 72
251 200
251 201
251 265
251 204
251 144
251 145
251 275
251 339
251 282
251 283
251 161
251 353
251 291
251 297
251 298
251 364
251 307
251 52
251 308
251 247
251 184
251 248
251 120
251 58
251 186
251 60
251 380
251 255
252 33
252 198
252 72
252 328
252 201
252 297
252 47
252 272
252 209
252 19
252 52
252 308
252 374
252 90
252 60
252 381
253 258
253 260
253 266
253 267
253 141
253 13
253 14
253 15
253 16
253 149
253 279
253 280
253 25
253 282
253 29
253 285
253 286
253 287
253 160
253 288
253 39
253 168
253 300
253 172
253 45
253 306
253 51
253 180
253 308
253 183
253 55
253 56
253 313
253 315
253 60
253 191
253 319
253 68
253 324
253 325
253 199
253 72
253 203
253 204
253 333
253 79
253 337
253 210
253 211
253 213
253 85
253 86
253 217
253 358
253 105
253 361
253 362
253 364
253 367
253 241
253 117
253 373
253 374
253 118
253 380
254 0
254 64
254 131
254 4
254 102
254 296
254 41
254 361
254 300
254 364
254 302
254 213
254 248
254 313
254 218
254 186
254 30
254 319
255 144
255 308
255 22
255 72
255 201
255 58
255 251
255 299
256 128
256 384
256 6
256 262
256 9
256 142
256 144
256 19
256 20
256 153
256 27
256 31
256 288
256 161
256 33
256 162
256 295
256 41
256 172
256 45
256 47
256 176
256 53
256 313
256 186
256 59
256 188
256 60
256 189
256 190
256 318
256 67
256 198
256 70
256 333
256 206
256 335
256 84
256 215
256 90
256 221
256 354
256 237
256 113
256 374
256 379
256 381
256 125
257 355
257 99
257 293
257 167
257 89
257 331
258 192
258 66
258 68
258 324
258 5
258 325
258 203
258 12
258 333
258 14
258 15
258 79
258 149
258 279
258 24
258 217
258 282
258 29
258 285
258 286
258 288
258 160
258 358
258 296
258 104
258 361
258 362
258 235
258 172
258 364
258 366
258 111
258 176
258 241
258 113
258 306
258 116
258 117
258 183
258 55
258 56
258 57
258 253
258 61
258 191
259 226
259 195
259 8
259 240
259 113
259 307
259 183
259 280
259 89
259 315
259 31
259 63
260 131
260 5
260 325
260 6
260 199
260 9
260 203
260 13
260 333
260 16
260 210
260 84
260 216
260 280
260 25
260 217
260 218
260 286
260 350
260 358
260 39
260 295
260 168
260 296
260 362
260 299
260 172
260 45
260 48
260 113
260 242
260 306
260 310
260 183
260 311
260 55
260 247
260 376
260 313
260 125
260 61
260 253
261 5
261 6
261 8
261 73
261 265
261 203
261 204
261 76
261 78
261 336
261 275
261 277
261 87
261 23
261 283
261 220
261 160
261 99
261 291
261 36
261 228
261 101
261 229
261 104
261 40
261 297
261 298
261 362
261 240
261 177
261 241
261 307
261 245
261 246
261 247
261 184
261 56
261 185
261 378
261 251
261 317
262 256
262 113
262 374
262 71
262 153
262 58
262 268
262 124
262 142
262 127
262 31
263 66
263 324
263 198
263 329
263 266
263 141
263 14
263 271
263 81
263 147
263 86
263 154
263 282
263 91
263 286
263 351
263 169
263 109
263 366
263 302
263 304
263 177
263 116
263 53
263 186
263 59
264 352
264 65
264 194
264 3
264 99
264 228
264 165
264 38
264 328
264 169
264 265
264 10
264 107
264 240
264 212
264 309
264 246
264 247
264 283
264 159
265 321
265 69
265 261
265 7
265 327
265 264
265 138
265 204
265 336
265 145
265 210
265 275
265 277
265 87
265 25
265 89
265 349
265 158
265 358
265 167
265 231
265 296
265 232
265 40
265 169
265 41
265 297
265 298
265 177
265 307
265 246
265 118
265 247
265 183
265 184
265 120
265 186
265 378
265 251
265 380
266 66
266 324
266 198
266 263
266 72
266 201
266 329
266 330
266 145
266 85
266 86
266 279
266 282
266 287
266 160
266 289
266 353
266 36
266 41
266 300
266 109
266 302
266 366
266 51
266 308
266 116
266 53
266 117
266 310
266 374
266 379
266 60
266 253
267 68
267 6
267 8
267 72
267 329
267 141
267 207
267 271
267 275
267 85
267 279
267 26
267 289
267 36
267 292
267 166
267 358
267 41
267 177
267 115
267 307
267 308
267 186
267 60
267 253
268 273
268 116
268 262
268 328
268 153
268 58
268 186
268 270
268 142
268 127
269 322
269 39
269 12
269 236
269 45
269 49
269 146
269 242
269 343
269 152
269 313
269 62
270 192
270 227
270 358
270 268
270 366
270 142
270 273
270 179
270 153
270 154
270 58
270 186
271 384
271 322
271 132
271 69
271 133
271 199
271 263
271 327
271 267
271 141
271 273
271 343
271 216
271 154
271 91
271 221
271 158
271 286
271 351
271 34
271 163
271 36
271 356
271 292
271 166
271 358
271 294
271 232
271 41
271 236
271 108
271 237
271 366
271 176
271 48
271 177
271 49
271 115
271 246
271 310
271 248
271 186
271 59
271 125
271 126
272 194
272 291
272 230
272 199
272 328
272 10
272 299
272 237
272 143
272 144
272 309
272 252
272 159
273 342
273 169
273 154
273 186
273 268
273 141
273 109
273 270
273 366
273 271
274 225
274 323
274 133
274 199
274 108
274 237
274 14
274 302
274 207
274 144
274 177
274 49
274 311
274 216
274 313
274 218
274 186
275 291
275 261
275 101
275 166
275 103
275 265
275 267
275 44
275 115
275 277
275 246
275 184
275 185
275 378
275 251
275 220
275 317
276 96
276 113
276 321
276 373
276 202
276 59
276 365
276 125
276 126
276 174
276 350
277 97
277 261
277 358
277 7
277 167
277 8
277 265
277 362
277 75
277 204
277 333
277 78
277 208
277 145
277 275
277 118
277 87
277 184
277 378
277 220
277 349
277 31
277 63
278 353
278 166
278 342
278 249
278 345
278 26
278 223
279 192
279 258
279 68
279 324
279 5
279 72
279 266
279 203
279 267
279 333
279 14
279 15
279 85
279 25
279 217
279 282
279 285
279 29
279 93
279 286
279 288
279 36
279 294
279 358
279 361
279 362
279 235
279 300
279 172
279 111
279 49
279 306
279 51
279 308
279 245
279 117
279 374
279 118
279 183
279 186
279 60
279 253
280 385
280 259
280 260
280 5
280 8
280 139
280 12
280 14
280 15
280 16
280 17
280 147
280 25
280 282
280 29
280 286
280 288
280 291
280 36
280 37
280 165
280 39
280 296
280 168
280 41
280 298
280 172
280 45
280 177
280 178
280 306
280 55
280 311
280 56
280 313
280 315
280 191
280 321
280 194
280 322
280 324
280 203
280 331
280 205
280 333
280 79
280 210
280 84
280 86
280 217
280 345
280 218
280 220
280 92
280 350
280 355
280 358
280 102
280 231
280 362
280 367
280 241
280 113
280 242
280 371
280 244
280 247
280 376
280 378
280 253
281 113
281 59
281 221
281 61
282 321
282 258
282 66
282 196
282 324
282 6
282 198
282 263
282 72
282 266
282 330
282 15
282 17
282 147
282 340
282 84
282 85
282 149
282 279
282 280
282 153
282 29
282 287
282 351
282 224
282 160
282 288
282 228
282 296
282 109
282 302
282 304
282 49
282 51
282 117
282 374
282 55
282 56
282 186
282 251
282 61
282 253
282 127
283 3
283 261
283 199
283 264
283 75
283 204
283 23
283 87
283 89
283 347
283 220
283 97
283 101
283 167
283 169
283 297
283 298
283 235
283 107
283 299
283 44
283 173
283 176
283 113
283 307
283 309
283 182
283 247
283 248
283 185
283 313
283 251
283 123
283 382
283 63
284 226
284 322
284 195
284 355
284 198
284 358
284 7
284 167
284 78
284 49
284 307
284 151
284 315
284 62
284 222
285 258
285 66
285 68
285 324
285 203
285 14
285 15
285 79
285 16
285 210
285 149
285 85
285 279
285 29
285 93
285 286
285 358
285 295
285 296
285 41
285 109
285 306
285 308
285 117
285 118
285 183
285 313
285 250
285 186
285 60
285 253
285 191
286 385
286 258
286 132
286 260
286 5
286 263
286 8
286 141
286 15
286 271
286 16
286 279
286 280
286 25
286 154
286 26
286 285
286 288
286 38
286 39
286 296
286 172
286 45
286 302
286 307
286 308
286 181
286 53
286 183
286 186
286 321
286 68
286 203
286 79
286 337
286 210
286 84
286 341
286 217
286 89
286 223
286 358
286 362
286 365
286 366
286 372
286 117
286 125
286 253
287 224
287 160
287 66
287 198
287 41
287 329
287 266
287 330
287 109
287 302
287 142
287 304
287 147
287 51
287 116
287 53
287 85
287 56
287 282
287 186
287 253
287 30
288 256
288 385
288 321
288 258
288 5
288 6
288 141
288 15
288 16
288 17
288 210
288 147
288 148
288 84
288 279
288 280
288 25
288 217
288 26
288 282
288 286
288 350
288 228
288 165
288 358
288 168
288 172
288 45
288 46
288 367
288 178
288 306
288 116
288 245
288 117
288 247
288 55
288 56
288 313
288 186
288 59
288 60
288 125
288 253
289 306
289 86
289 266
289 267
289 124
289 109
289 302
290 153
291 261
291 7
291 8
291 10
291 143
291 272
291 275
291 22
291 23
291 152
291 280
291 26
291 29
291 159
291 166
291 167
291 39
291 40
291 173
291 45
291 309
291 182
291 185
291 315
291 317
291 195
291 204
291 333
291 78
291 336
291 209
291 338
291 210
291 339
291 220
291 97
291 226
291 100
291 229
291 101
291 358
291 102
291 235
291 107
291 367
291 115
291 119
291 247
291 375
291 376
291 378
291 251
292 322
292 324
292 69
292 136
292 267
292 207
292 271
292 81
292 215
292 216
292 217
292 154
292 91
292 160
292 166
292 358
292 103
292 40
292 366
292 176
292 48
292 177
292 49
292 310
292 183
292 55
292 186
292 314
292 59
293 64
293 353
293 257
293 97
293 38
293 167
293 231
293 8
293 296
293 204
293 336
293 145
293 341
293 246
293 247
293 89
293 378
293 380
293 349
293 31
294 225
294 163
294 135
294 199
294 41
294 299
294 237
294 77
294 174
294 271
294 176
294 177
294 49
294 115
294 22
294 310
294 279
294 248
294 154
294 351
295 256
295 384
295 1
295 260
295 197
295 8
295 9
295 79
295 146
295 83
295 212
295 27
295 92
295 285
295 94
295 41
295 172
295 365
295 174
295 47
295 177
295 113
295 310
295 247
295 186
296 0
296 258
296 131
296 260
296 5
296 134
296 136
296 265
296 137
296 141
296 16
296 280
296 25
296 282
296 285
296 286
296 33
296 36
296 293
296 165
296 167
296 39
296 169
296 299
296 172
296 45
296 176
296 48
296 306
296 307
296 310
296 183
296 55
296 60
296 191
296 64
296 66
296 67
296 323
296 324
296 325
296 198
296 199
296 330
296 203
296 333
296 206
296 334
296 207
296 79
296 84
296 213
296 341
296 217
296 89
296 218
296 221
296 93
296 224
296 358
296 359
296 360
296 362
296 364
296 238
296 366
296 367
296 115
296 244
296 245
296 117
296 118
296 247
296 376
296 380
296 125
296 254
297 384
297 321
297 261
297 200
297 265
297 10
297 209
297 338
297 339
297 85
297 214
297 283
297 220
297 349
297 159
297 224
297 97
297 229
297 298
297 107
297 113
297 307
297 52
297 308
297 309
297 246
297 247
297 184
297 248
297 187
297 251
297 60
297 252
297 189
298 352
298 165
298 261
298 199
298 169
298 297
298 265
298 139
298 172
298 44
298 205
298 242
298 307
298 246
298 87
298 184
298 280
298 186
298 251
298 283
298 380
298 381
299 260
299 133
299 135
299 199
299 12
299 333
299 272
299 84
299 343
299 216
299 218
299 283
299 159
299 230
299 294
299 358
299 296
299 44
299 237
299 173
299 176
299 48
299 49
299 177
299 180
299 308
299 310
299 248
299 186
299 60
299 125
299 255
300 195
300 7
300 266
300 12
300 14
300 79
300 17
300 210
300 149
300 279
300 24
300 29
300 227
300 36
300 168
300 105
300 302
300 111
300 49
300 306
300 51
300 117
300 374
300 60
300 380
300 253
300 381
300 254
301 26
302 2
302 263
302 8
302 266
302 14
302 274
302 147
302 149
302 282
302 26
302 29
302 30
302 286
302 287
302 160
302 289
302 36
302 41
302 300
302 303
302 304
302 51
302 180
302 308
302 181
302 56
302 186
302 61
302 66
302 196
302 198
302 330
302 79
302 340
302 84
302 89
302 223
302 351
302 224
302 360
302 361
302 105
302 365
302 109
302 113
302 116
302 117
302 374
302 381
302 254
303 369
303 198
303 310
303 202
303 381
303 302
303 318
304 193
304 66
304 196
304 324
304 198
304 263
304 330
304 147
304 340
304 85
304 21
304 24
304 282
304 287
304 351
304 160
304 41
304 109
304 302
304 366
304 367
304 308
304 180
304 116
304 374
304 186
304 381
306 192
306 66
306 258
306 323
306 68
306 260
306 324
306 325
306 198
306 8
306 203
306 15
306 79
306 16
306 85
306 279
306 280
306 218
306 29
306 285
306 93
306 288
306 289
306 358
306 296
306 361
306 300
306 179
306 117
306 183
306 376
306 185
306 57
306 250
306 253
306 191
306 63
307 322
307 259
307 132
307 261
307 8
307 265
307 75
307 267
307 203
307 139
307 204
307 141
307 336
307 341
307 89
307 283
307 220
307 284
307 349
307 286
307 31
307 224
307 353
307 97
307 355
307 166
307 167
307 231
307 296
307 40
307 169
307 297
307 298
307 113
307 115
307 182
307 246
307 374
307 183
307 184
307 120
307 185
307 378
307 251
307 187
307 317
308 68
308 198
308 72
308 201
308 329
308 266
308 203
308 267
308 14
308 16
308 17
308 339
308 85
308 21
308 279
308 153
308 25
308 285
308 286
308 160
308 353
308 355
308 36
308 229
308 41
308 297
308 299
308 107
308 109
308 302
308 304
308 52
308 374
308 313
308 58
308 250
308 251
308 379
308 60
308 252
308 253
308 255
309 65
309 194
309 3
309 132
309 4
309 69
309 264
309 10
309 139
309 204
309 78
309 143
309 272
309 209
309 210
309 339
309 341
309 152
309 283
309 220
309 159
309 352
309 97
309 291
309 355
309 99
309 228
309 165
309 229
309 38
309 232
309 297
309 107
309 45
309 240
309 113
309 181
309 247
309 313
309 122
309 315
309 60
310 323
310 260
310 133
310 199
310 266
310 140
310 271
310 337
310 343
310 154
310 218
310 351
310 160
310 292
310 294
310 295
310 296
310 41
310 299
310 236
310 108
310 45
310 174
310 303
310 176
310 49
310 177
310 311
310 183
310 248
310 186
310 189
310 61
310 381
311 260
311 134
311 102
311 359
311 12
311 76
311 172
311 333
311 206
311 274
311 210
311 310
311 56
311 280
311 217
311 218
311 61
313 256
313 260
313 134
313 11
313 140
313 141
313 269
313 14
313 146
313 274
313 280
313 154
313 283
313 285
313 30
313 288
313 35
313 39
313 168
313 41
313 172
313 45
313 48
313 177
313 308
313 53
313 309
313 183
313 55
313 56
313 186
313 59
313 60
313 61
313 191
313 321
313 323
313 198
313 199
313 329
313 202
313 76
313 206
313 79
313 81
313 337
313 211
313 84
313 213
313 86
313 217
313 218
313 221
313 350
313 353
313 355
313 358
313 102
313 364
313 109
313 238
313 367
313 113
313 242
313 370
313 371
313 115
313 244
313 117
313 246
313 247
313 123
313 380
313 125
313 253
313 254
314 35
314 292
314 37
314 5
314 326
314 73
314 11
314 43
314 49
314 241
314 242
314 56
314 350
315 194
315 322
315 195
315 259
315 7
315 136
315 78
315 334
315 79
315 336
315 145
315 210
315 338
315 151
315 152
315 280
315 217
315 89
315 220
315 284
315 92
315 222
315 97
315 226
315 291
315 99
315 355
315 36
315 38
315 358
315 360
315 40
315 104
315 107
315 45
315 240
315 49
315 372
315 309
315 54
315 119
315 120
315 253
315 62
315 63
317 321
317 322
317 291
317 355
317 261
317 166
317 141
317 237
317 275
317 115
317 307
317 182
317 118
317 185
317 378
317 220
317 159
318 256
318 353
318 6
318 41
318 142
318 334
318 47
318 303
318 80
318 343
318 90
318 186
318 188
318 125
318 61
318 189
318 381
319 320
319 210
319 211
319 213
319 168
319 89
319 364
319 253
319 14
319 254
319 79
320 113
320 134
320 359
320 170
320 12
320 380
320 350
320 191
320 319
321 69
321 136
321 265
321 203
321 276
321 280
321 25
321 217
321 26
321 282
321 348
321 286
321 223
321 224
321 288
321 161
321 166
321 102
321 231
321 297
321 45
321 113
321 246
321 183
321 247
321 313
321 380
321 317
322 193
322 69
322 7
322 11
322 269
322 271
322 207
322 336
322 17
322 151
322 280
322 24
322 154
322 91
322 92
322 284
322 222
322 96
322 97
322 353
322 34
322 226
322 355
322 36
322 292
322 38
322 105
322 233
322 111
322 49
322 307
322 54
322 375
322 56
322 250
322 315
322 59
322 317
323 65
323 229
323 69
323 325
323 134
323 199
323 327
323 296
323 171
323 204
323 274
323 306
323 244
323 181
323 341
323 310
323 248
323 89
323 313
323 218
324 66
324 258
324 198
324 263
324 72
324 329
324 266
324 14
324 79
324 16
324 85
324 149
324 279
324 280
324 218
324 282
324 285
324 351
324 36
324 292
324 358
324 296
324 361
324 109
324 366
324 176
324 48
324 304
324 113
324 306
324 244
324 53
324 117
324 374
324 55
324 186
324 60
324 253
325 258
325 323
325 260
325 199
325 296
325 203
325 204
325 15
325 367
325 79
325 306
325 118
325 183
325 376
325 25
325 253
326 193
326 37
326 5
326 6
326 358
326 170
326 234
326 43
326 172
326 17
326 241
326 148
326 56
326 314
327 194
327 3
327 323
327 132
327 69
327 265
327 204
327 141
327 271
327 341
327 152
327 154
327 91
327 349
327 158
327 159
327 99
327 228
327 165
327 38
327 232
327 171
327 235
327 366
327 48
327 240
327 177
327 181
327 245
327 246
327 186
327 59
327 126
328 272
328 129
328 99
328 341
328 374
328 264
328 252
328 268
328 158
328 207
329 324
329 358
329 263
329 266
329 267
329 238
329 14
329 308
329 116
329 53
329 85
329 86
329 25
329 313
329 60
329 287
330 224
330 198
330 296
330 266
330 364
330 302
330 304
330 147
330 51
330 375
330 282
330 287
331 257
331 358
331 12
331 332
331 45
331 177
331 113
331 178
331 84
331 280
331 344
331 350
332 243
332 331
332 12
333 256
333 258
333 4
333 260
333 5
333 13
333 16
333 277
333 279
333 280
333 25
333 26
333 291
333 39
333 296
333 169
333 299
333 172
333 44
333 46
333 176
333 177
333 181
333 311
333 56
333 186
333 59
333 203
333 76
333 207
333 81
333 84
333 341
333 213
333 343
333 217
333 218
333 349
333 352
333 358
333 102
333 362
333 367
333 115
333 244
333 117
333 248
333 376
333 253
334 131
334 10
334 207
334 79
334 335
334 18
334 211
334 350
334 360
334 296
334 170
334 43
334 364
334 367
334 370
334 54
334 56
334 315
334 60
334 380
334 125
334 61
334 381
334 318
335 256
335 384
335 353
335 33
335 198
335 43
335 364
335 206
335 334
335 47
335 113
335 369
335 19
335 60
335 61
335 221
335 381
335 30
335 95
336 194
336 322
336 195
336 261
336 7
336 265
336 203
336 75
336 204
336 78
336 15
336 145
336 341
336 25
336 28
336 220
336 349
336 97
336 226
336 291
336 99
336 355
336 293
336 38
336 358
336 167
336 231
336 40
336 48
336 307
336 372
336 181
336 245
336 118
336 183
336 184
336 185
336 315
336 63
337 35
337 5
337 134
337 358
337 105
337 364
337 46
337 79
337 210
337 211
337 213
337 310
337 217
337 313
337 61
337 253
337 93
337 29
337 350
337 286
337 191
337 383
338 291
338 229
338 297
338 10
338 107
338 209
338 339
338 21
338 22
338 184
338 315
338 220
339 291
339 72
339 297
339 10
339 107
339 209
339 338
339 308
339 309
339 184
339 251
339 220
340 160
340 304
340 147
340 282
340 109
340 302
341 64
341 129
341 65
341 194
341 3
341 323
341 132
341 4
341 69
341 327
341 328
341 333
341 78
341 208
341 336
341 343
341 152
341 154
341 26
341 286
341 158
341 159
341 97
341 226
341 99
341 355
341 293
341 38
341 358
341 296
341 232
341 171
341 45
341 367
341 240
341 113
341 307
341 181
341 309
341 247
341 248
341 186
341 122
341 380
341 62
342 192
342 273
342 179
342 278
342 153
342 156
343 132
343 69
343 6
343 199
343 12
343 269
343 333
343 271
343 85
343 341
343 217
343 154
343 218
343 91
343 351
343 353
343 36
343 358
343 299
343 45
343 366
343 176
343 310
343 186
343 59
343 125
343 318
344 353
344 164
344 134
344 39
344 8
344 331
344 365
344 79
344 113
344 18
344 210
344 370
344 213
344 55
344 218
344 59
344 60
344 350
345 278
345 280
345 248
345 41
346 160
346 241
346 242
346 5
346 6
346 358
346 186
346 362
346 11
346 124
347 384
347 113
347 19
347 374
347 283
347 380
347 31
348 161
348 321
348 241
348 90
348 203
349 7
349 327
349 8
349 265
349 139
349 204
349 333
349 78
349 14
349 208
349 336
349 145
349 277
349 87
349 89
349 220
349 31
349 97
349 226
349 293
349 231
349 232
349 297
349 235
349 113
349 307
349 372
349 181
349 182
349 246
349 118
349 247
349 185
349 378
349 380
349 63
350 385
350 260
350 5
350 134
350 136
350 12
350 15
350 16
350 276
350 280
350 29
350 288
350 36
350 37
350 39
350 45
350 48
350 178
350 183
350 55
350 313
350 314
350 61
350 191
350 320
350 73
350 203
350 331
350 76
350 206
350 334
350 79
350 337
350 211
350 344
350 219
350 220
350 221
350 100
350 102
350 358
350 359
350 234
350 362
350 113
350 242
350 248
350 376
351 66
351 324
351 196
351 198
351 294
351 199
351 263
351 169
351 109
351 302
351 271
351 304
351 181
351 117
351 310
351 374
351 343
351 186
351 282
351 59
352 65
352 194
352 355
352 132
352 165
352 69
352 38
352 167
352 104
352 264
352 232
352 10
352 298
352 139
352 333
352 143
352 240
352 48
352 209
352 113
352 309
352 159
353 384
353 322
353 133
353 134
353 6
353 72
353 201
353 266
353 140
353 14
353 335
353 210
353 212
353 278
353 343
353 344
353 24
353 153
353 218
353 221
353 29
353 30
353 161
353 164
353 293
353 39
353 41
353 169
353 107
353 113
353 50
353 370
353 307
353 308
353 376
353 313
353 121
353 186
353 378
353 251
353 60
353 125
353 61
353 318
354 256
354 384
354 113
354 53
354 9
354 41
354 186
354 27
354 108
354 47
355 129
355 257
355 3
355 7
355 10
355 11
355 139
355 12
355 143
355 152
355 280
355 284
355 158
355 34
355 36
355 38
355 167
355 48
355 49
355 307
355 308
355 309
355 54
355 313
355 58
355 59
355 315
355 317
355 62
355 64
355 65
355 194
355 322
355 195
355 69
355 72
355 204
355 78
355 336
355 209
355 341
355 87
355 89
355 90
355 220
355 352
355 97
355 226
355 99
355 228
355 358
355 232
355 105
355 235
355 240
355 113
355 247
355 122
355 380
356 154
356 186
356 59
356 271
357 371
357 383
358 258
358 260
358 5
358 6
358 265
358 267
358 12
358 13
358 270
358 15
358 271
358 16
358 277
358 22
358 279
358 280
358 25
358 26
358 284
358 285
358 286
358 288
358 291
358 36
358 292
358 37
358 38
358 39
358 296
358 299
358 45
358 48
358 306
358 53
358 55
358 56
358 313
358 315
358 59
358 60
358 62
358 64
358 324
358 69
358 326
358 329
358 331
358 333
358 79
358 336
358 337
358 341
358 86
358 343
358 89
358 346
358 93
358 350
358 97
358 355
358 102
358 104
358 362
358 367
358 113
358 372
358 117
358 118
358 380
358 385
358 132
358 134
358 136
358 139
358 141
358 145
358 146
358 154
358 165
358 167
358 172
358 176
358 177
358 181
358 183
358 186
358 189
358 191
358 194
358 203
358 204
358 210
358 211
358 217
358 226
358 236
358 246
358 247
358 248
358 253
359 320
359 39
359 311
359 296
359 376
359 12
359 76
359 61
359 350
359 191
359 79
360 97
360 229
360 165
360 296
360 169
360 142
360 302
360 334
360 367
360 240
360 145
360 113
360 26
360 315
360 380
360 31
360 223
361 258
361 324
361 36
361 72
361 365
361 302
361 14
361 306
361 117
361 279
361 24
361 218
361 93
361 253
361 254
362 64
362 258
362 4
362 260
362 5
362 261
362 6
362 136
362 203
362 333
362 141
362 15
362 79
362 16
362 277
362 279
362 280
362 25
362 217
362 346
362 29
362 286
362 350
362 36
362 358
362 167
362 39
362 296
362 235
362 113
362 118
362 376
362 253
362 191
363 18
363 46
364 258
364 131
364 67
364 6
364 330
364 140
364 141
364 334
364 207
364 335
364 337
364 213
364 218
364 224
364 164
364 296
364 169
364 241
364 370
364 183
364 55
364 313
364 59
364 251
364 380
364 61
364 253
364 254
364 319
365 131
365 295
365 361
365 169
365 41
365 202
365 174
365 302
365 79
365 177
365 370
365 276
365 213
365 373
365 344
365 250
365 59
365 60
365 61
365 221
365 125
365 286
366 66
366 258
366 132
366 324
366 196
366 69
366 263
366 327
366 266
366 141
366 270
366 271
366 273
366 147
366 343
366 154
366 91
366 158
366 286
366 160
366 36
366 292
366 232
366 296
366 111
366 304
366 177
366 116
366 246
366 55
366 186
366 59
367 64
367 325
367 198
367 136
367 203
367 12
367 333
367 334
367 17
367 147
367 83
367 84
367 341
367 280
367 25
367 217
367 26
367 218
367 288
367 291
367 358
367 102
367 231
367 296
367 360
367 169
367 171
367 172
367 45
367 46
367 304
367 177
367 241
367 242
367 244
367 181
367 245
367 117
367 118
367 55
367 375
367 313
367 186
367 59
367 253
367 191
369 80
369 198
369 202
369 189
369 221
369 47
369 303
369 335
370 353
370 131
370 67
370 102
370 168
370 41
370 364
370 365
370 206
370 334
370 113
370 210
370 213
370 373
370 118
370 344
370 313
370 380
370 61
370 221
370 31
371 225
371 98
371 5
371 357
371 44
371 12
371 205
371 143
371 49
371 241
371 86
371 23
371 56
371 280
371 185
371 313
371 187
371 92
371 383
372 336
372 358
372 38
372 7
372 183
372 247
372 169
372 203
372 315
372 349
372 286
373 33
373 370
373 276
373 134
373 39
373 41
373 59
373 253
373 365
373 61
373 221
373 79
374 256
374 384
374 262
374 266
374 142
374 14
374 279
374 153
374 282
374 29
374 168
374 300
374 302
374 47
374 304
374 307
374 52
374 308
374 53
374 183
374 58
374 188
374 60
374 191
374 324
374 198
374 72
374 328
374 201
374 203
374 210
374 84
374 85
374 218
374 347
374 93
374 351
374 227
374 105
374 113
374 247
374 121
374 379
374 252
374 124
374 253
374 381
374 127
374 383
375 17
375 322
375 291
375 245
375 104
375 330
375 12
375 29
375 367
376 260
376 325
376 203
376 12
376 76
376 333
376 14
376 15
376 16
376 210
376 280
376 217
376 220
376 350
376 353
376 291
376 39
376 359
376 296
376 362
376 45
376 178
376 306
376 183
376 191
377 18
377 67
377 168
377 41
378 261
378 8
378 265
378 139
378 204
378 78
378 275
378 277
378 151
378 87
378 280
378 220
378 349
378 97
378 353
378 226
378 98
378 291
378 228
378 293
378 101
378 39
378 104
378 45
378 240
378 113
378 307
378 52
378 181
378 246
378 182
378 247
378 185
378 317
378 63
379 256
379 113
379 308
379 374
379 71
379 153
379 266
379 188
379 142
379 47
380 129
380 5
380 134
380 8
380 265
380 14
380 145
380 18
380 149
380 28
380 293
380 167
380 168
380 296
380 41
380 169
380 298
380 43
380 300
380 181
380 184
380 185
380 313
380 61
380 320
380 321
380 194
380 198
380 203
380 204
380 76
380 334
380 79
380 210
380 213
380 341
380 89
380 347
380 349
380 355
380 358
380 360
380 364
380 370
380 243
380 244
380 251
380 253
381 128
381 256
381 198
381 199
381 9
381 142
381 334
381 335
381 19
381 20
381 212
381 21
381 90
381 95
381 33
381 162
381 41
381 298
381 236
381 300
381 302
381 47
381 303
381 304
381 113
381 374
381 310
381 60
381 252
381 189
381 125
381 190
381 318
382 101
382 184
382 123
382 107
382 187
382 139
382 283
382 44
382 173
382 143
383 35
383 197
383 357
383 9
383 202
383 142
383 337
383 18
383 371
383 374
383 186
383 92
384 256
384 1
384 193
384 198
384 9
384 76
384 206
384 142
384 14
384 271
384 335
384 144
384 83
384 212
384 90
384 27
384 347
384 353
384 354
384 39
384 295
384 41
384 297
384 108
384 47
384 48
384 113
384 115
384 52
384 374
384 248
384 59
384 125
384 189
385 16
385 288
385 358
385 183
385 39
385 280
385 168
385 234
385 286
385 350
385 79
32 32
106 106
112 112
114 114
130 130
155 155
175 175
239 239
305 305
312 312
316 316
368 368
